56,3
56,2
56,1
56,0
55,4
0,458
0,457
55,3
55,2
0,456
0,455
55,1
55,0
0,454
0,453
0,452
0,451
54,4
0,450
0,449
0,448
54,3
54,2
0,447
0,446
54,1
54,0
0,445
0,444
53,3
53,2
0,443
0,442
53,1
53,0
0,441
0,440
0,439
0,438
0,437
0,436
0,435
0,434
0,433
0,432
0,431
0,430
0,429
0,428
0,427
0,426
0,425
51,3
51,2
0,424
51,1
51,0
0,423
0,422
0,421
0,420
50,4
0,419
0,418
0,417
50,3
50,2
0,416
50,1
50,0
0,415
0,414
0,413
0,412
49,4
0,411
0,410
0,409
49,3
49,2
0,408
49,1
49,0
0,407
0,406
0,386
46,3
46,2
46,1
46,0
45,4
45,3
45,2
45,1
45,0
44,4
44,3
44,2
44,1
44,0
43,3
